Gin Rummy

Card Games

11/12/25 winner Ash

Lisa 85 75 20 25 25 85 160 180 205 230

Ash 45 75 50 75 125 45 120 170 245 370

Kyle 60 110 65 -75 -5 60 170 235 160 155

A K L A K

11/11/25 winner Kyle

Ash -30 45 35 110 15 -30 45 55 45 -10 45 -30 15 50 160 175 145 190 245 290 280 325

Lisa 55 85 -5 85 60 45 75 -50 -20 50 80 55 140 135 220 280 325 400 350 330 380 460

Kyle -15 50 55 95 0 30 45 60 -10 65 145 -15 35 90 185 185 215 260 320 310 375 520

A L K A L K A L K A L

11/10/25 winner Lisa

Lisa 30 -60 70 15 40 65 40 70 55 55 100 60 30 -30 40 55 95 160 200 270 325 380 480 540

Ash 60 35 45 85 -15 25 70 70 10 20 15 95 60 95 140 225 210 235 305 375 385 405 420 515

Kyle -50 -60 50 40 65 50 165 35 20 55 10 140 -50 -110 -60 -20 45 95 260 295 315 370 380 520

K L A K L A K L A K L A

11/9/25 winner Lisa

Lisa 30 30 110 130 30 60 170 300

Kyle -70 40 105 80 -70 -30 75 155

Ash 90 60 45 40 90 150 195 235

A L K A

10/19/25 winner Leo

Leo 90 50 50 30 25 55 90 140 190 220 245 300

Lisa 85 25 15 -20 85 105 85 110 125 105 190 295

Ash 35 10 10 60 50 45 35 45 55 115 165 210

Kyle 115 10 -45 40 75 15 115 125 80 120 195 210

K Le Li A K Le

10/18/25 winner Kyle

Leo 40 45 55 0 10 20 45 40 85 130 130 140 160 205

Lisa 45 45 -70 -10 60 40 -60 45 90 20 10 70 110 50

Ash -5 -40 35 5 10 65 35 -5 -45 -10 -5 5 70 105

Kyle 45 -5 45 75 30 65 15 45 40 35 80 155 185 250 265

K Le Li A K Le Li

10/13/25 winner Kyle

Ash 20 35 25 20 55 80

Lisa 80 75 60 80 155 215

Kyle 95 70 70 95 165 235

L K A

10/13/25 winner Kyle

Ash 30 60 55 35 45 -5 95 10 25 30 90 145 180 225 220 315 325 350

Lisa 35 65 20 10 80 35 60 60 85 35 100 120 130 210 245 305 365 450

Kyle 65 -50 30 -55 55 140 160 60 140 65 15 45 -10 45 185 345 405 545

K A L K A L K A L

10/12/25 winner Kyle

Ash 45 130 -25 15 65 0 35 50 95 45 175 150 165 230 230 265 315 410

Lisa 30 65 40 115 55 40 -20 35 75 30 95 135 250 305 345 325 360 445

Kyle 65 20 -15 110 100 55 45 45 80 65 85 70 180 280 335 380 425 505

K A L K A L K A L

6/3/25 winner Kyle

Lisa 145 120 30 75 85 145 265 295 370 455

Kyle 155 145 80 105 65 155 300 380 485 550

K L K L K

5/16/25 winner Ash

Lisa -5 25 25 70 -50 5 15 90 115 90 90 -5 20 45 115 65 70 85 175 290 380 470

Kyle 0 45 45 20 -25 45 60 70 50 45 50 0 45 90 110 85 130 190 260 310 355 405

Ash 80 75 45 15 50 40 55 50 35 40 60 80 155 200 215 265 305 360 410 445 485 545

K L A K L A K L A K L

5/8/25 winner Lisa

Lisa 90 75 65 110 90 165 230 340

Kyle 75 30 120 65 75 105 225 290

K L K L

4/23/25 winner Lisa

Lisa 125 80 95 75 105 75 125 205 300 375 480 555

Kyle 65 -50 -50 -30 60 90 65 15 -35 -65 -5 85

K L K L K L

4/2/25 winner Kyle

Lisa 110 130 125 130 110 240 365 495

Kyle 185 175 110 45 185 360 470 515

K L K L

4/1/25 winner Kyle

Kyle 165 125 170 230 165 290 460 690

Lisa 100 145 135 90 100 245 380 470

K L K L

3/31 winner Ash

Lisa 80 120 40 115 20 -25 0 40 60 105 80 200 240 355 375 350 350 390 450 555

Ash 20 90 50 45 50 80 65 35 30 110 20 110 160 205 255 335 400 435 465 575

Kyle 80 10 85 55 -65 30 10 50 50 65 80 90 175 230 165 195 205 255 305 370

K L A K L A K L A K

3/29/25 winner Ash

Lisa -5 55 5 5 40 130 45 50 65 35 -5 50 55 60 100 230 275 325 390 425

Ash 25 80 45 75 85 40 40 30 75 25 25 105 150 225 310 350 390 420 495 520

Kyle 130 80 -25 80 5 5 5 20 30 85 130 210 185 265 270 275 280 300 330 415

K L A K L A K L A K

3/27/25 winner Kyle

Lisa 30 75 70 40 80 -30 40 55 -25 -20 50 40 0 30 105 175 215 295 265 305 360 335 315 365 405 405

Ash 95 30 20 -55 25 50 5 40 25 55 60 20 60 95 125 145 90 115 165 170 210 235 285 345 365 425

Kyle 90 10 110 -25 80 -55 -25 5 80 25 80 40 75 90 100 210 195 275 220 195 200 280 305 385 425 500

K L A K L A K L A K L A K

3/24/25 winner Ash

Kyle 55 -45 95 80 10 120 70 20 55 10 105 185 195 315 385 405

Lisa 25 30 45 105 5 75 15 15 25 55 100 205 210 285 300 315

Ash 10 35 110 115 50 55 90 60 10 45 155 270 320 375 465 525

K L A K L A K L

3/16/25 winner Lisa

Kyle 0 80 55 0 80 135

Lisa 50 110 110 50 160 270

K L K L

1/29/25 winner Kyle

Kyle 75 135 60 100 55 35 50 75 210 270 370 425 460 510

Lisa 55 145 35 125 15 55 -35 55 200 235 360 375 430 395

K L K K K L K

1/12/25 winner Kyle

Lisa 45 35 45 80

Kyle 230 125 230 355

K L

1/3/25 winner Lisa

Kyle -60 55 -60 -5

Ash -5 85 -5 80

Lisa 75 135 75 210

L K A

12/30/24 winner Ash

Kyle 35 115 40 20 10 0 10 95 105 35 150 190 210 220 220 230 325 430

Ash 40 80 105 35 10 55 95 40 60 40 120 225 260 270 325 420 460 520

Lisa 50 20 70 50 45 20 -5 15 20 50 70 140 190 235 255 250 265 285

K A L K A L K A L

12/28/24 winner Ash

Ash 20 35 145 55 45 95 40 70 20 55 200 255 300 395 435 505

Kyle -20 105 30 35 55 -10 10 5 -20 85 115 150 205 195 205 210

Lisa 60 45 65 15 45 20 55 50 60 105 170 185 230 250 305 355

A K L A K L A K

12/25/24 winner Kyle

Ash 10 25 -65 -15 55 125 70 65 45 70 10 35 -30 -45 10 135 205 270 315 385

Lisa 55 60 45 20 95 20 25 -10 55 40 55 115 160 180 275 295 320 310 365 405

Kyle 10 60 45 105 35 70 35 15 80 55 10 70 115 220 255 325 355 370 450 505

K A L K A K L A K L

12/24/24 winner Ash

Lisa 40 -25 50 20 45 100 25 130 20 40 15 65 85 130 230 255 385 405

Ash 65 65 40 85 25 55 90 55 110 65 130 170 255 280 335 425 480 600

Kyle 75 -55 15 20 50 65 55 50 90 75 20 35 55 105 170 225 275 365

L A K L A K L A K

12/22/24 winner Kyle

Kyle 90 45 60 90 90 65 30 60 90 135 195 285 375 440 470 530

Lisa 25 90 110 15 -40 40 20 40 25 115 225 240 200 240 260 300

Ash 55 65 25 65 -35 90 40 45 55 120 145 210 175 265 305 350

K L A K A L K A

12/21/24 winner Kyle

Kyle 65 50 -20 105 45 90 120 100 65 115 95 200 245 335 455 555

Ash 5 120 0 65 60 -15 15 0 5 125 125 190 250 235 250 250

Lisa 30 -55 55 40 85 95 95 -45 30 -25 30 70 155 250 345 300

K A L K A L K A

12/19/24 winner Ash

Lisa 55 35 90 25 115 115 230 45 275 5 280 110 390

Ash 85 + 135 220 70 290 65 355 75 430 50 480 80 560

Kyle -5 + 30 25 75 100 90 190 20 210 55 265 65 330

L K A K

12/18/24 winner Ash

Ash kept score on her phone

11/30/24 winner Kyle

Lisa 140 55 195 -60 135 -20 115 55 170 15 185 45 230 45 275 55 330 50 380

Ash 0 10 10 40 50 -25 25 -20 5 15 20 5 25 90 115 85 200 30 230

Kyle 90 55 145 60 205 50 255 -15 240 85 325 50 375 10 385 95 480 45 525

A K L A K L A K L

11/29/24 winner Ash

Lisa -25 70 45 -35 10 -5 5 15 20 20 40 85 125 60 185 5 190 35 225 50 275

Ash 60 -35 25 105 130 75 205 90 295 60 355 85 440 50 490 -25 465 -10 455 170 625

Kyle -5 -5 -10 -30 -40 45 5 80 85 105 190 90 280 60 340 50 390 70 460 60 520

11/28/24 winner Lisa

Lisa 80 20 100 20 120 35 155 35 190 15 205 70 275 35 310 -30 280 75 355 75 430 -15 415 15 430 50 480 40 520

Bobby 40 75 115 40 155 50 205 -55 150 85 235 5 240 -50 190 -5 185 15 200 55 255 -60 195 45 240 30 270 -40 230

Ash 75 10 85 60 135 65 200 30 230 20 250 35 285 40 325 -65 260 45 305 40 345 -25 320 -10 310 30 340 40 380

Kyle 40 -15 25 -5 20 20 40 30 70 75 145 -70 75 135 210 50 260 15 275 25 300 50 350 -50 300 45 345 -45 300

11/27/24 winner Lisa

Kyle -20 20 0 90 90 15 105 85 190 35 225

Ash 10 75 85 50 135 20 155 40 195 50 245

Lisa 50 40 90 85 175 85 260 40 300 70 370

11/17/24 winner Lisa

Kyle 20 60 80 140 220 95 315 -35 280 70 350 -45 305

Lisa 35 95 130 100 230 100 330 60 390 80 470 55 525

7/2/24 winner Kyle

Kyle 60 35 95 70 165 85 250 -20 230 -75 155 35 190

Lisa 80 -75 5 50 55 -20 35 -10 25 5 30 55 85

Ash 0 -55 -55 10 -45 -25 -70 40 -30 35 5 70 75

K L A K L A K

7/2/24 winner Ash

Kyle 55 135 190 10 200 95 295 30 325

Lisa 0 45 45 -20 25 60 85 40 125

Ash 50 50 100 85 185 50 235 95 330

L A K L A K

6/13/24 winner Kyle

Kyle K135 L70 205 K-20 185 L145 330 K95 425 L60 485 K 50 535

Lisa 85 35 120 60 180 90 270 75 345 -50 295 145 440

5/29/24 winner Kyle

Kyle K65 L70 135 K150 285 L120 405 K190 595

Lisa 115 100 215 100 315 -50 265 110 375

5/27/24 winner Lisa

Kyle K30 L105 135 K60 195

Lisa 85 55 140 260 400

5/24/24 winner Lisa

Kyle K50 L 135 185 K20 205 L55 265 K60 325 L-5 320 K95 415 L115 530

Lisa 85 100 185 65 250 55 305 50 355 50 405 60 465 105 570

5/16/24 winner Lisa

Kyle K105 L80 185 K15 200 L115 315 K35 350 L25 375 K-75 300 L185 485

Lisa 55 5 60 105 165 85 250 50 300 45 345 75 420 145 565

5/14/24 winner Lisa

Kyle L135 K60 195 L60 K255 55 310

Lisa 40 205 245 50 295 425

5/14/24 winner Lisa

Kyle K-30 L-15 -45 K40 -5 L65 60 K130 190 L45 235

Lisa 65 90 155 160 315 50 365 100 465 180 645

5/13/24 winner Kyle

Kyle K45 L65 110 K95 205 L75 280 K140 420 L50 470 K-40 430 L130 560

Lisa 10 50 60 120 180 -15 165 80 245 20 265 55 320 145 465

511/24 winner Kyle

Kyle L45 K55 100 L100 200 K150 350 L

Lisa -40 95 55 120 175 90 265

5/5/24 winner Lisa

Kyle 45 25 70 45 115 60 175 120 295 60 355 10 365 25 390

Lisa 70 70 140 25 165 65 230 190 420 -65 355 120 475 170 645

5/1/24 winner Lisa

Kyle 25 100 125

Lisa 80 70 150

5/1/24 winner Kyle

Kyle 50 50 100

Lisa -50 -5 -55

4/16/24 winner Kyle

Kyle 10 80 90 95 185 35 220 80 300

Lisa 25 45 70 80 150 35 185 25 210

Gena 35 45 80 55 135 55 190 40 230

Craig 0 -5 -5 25 20 -15 5 45 50

3/30/24 winner Kyle

Kyle 95 55 150 80 230 35 265 -15 250 90 340 50 390 -15 375 55 430 70 500

Lisa 100 -50 50 40 90 60 150 60 210 70 280 40 320 0 320 95 415 20 435

Ash 80 -35 45 30 75 60 135 -40 95 65 160 5 165 50 215 65 280 20 300

3/29/24 winner Lisa

Kyle 135 -35 100 35 135 50 185 60 245 0 245 50 295 5 300 85 385 -30 355

Lisa 15 50 65 55 120 -15 105 60 165 50 215 125 340 120 460 30 490 25 515

Ash 80 -30 50 65 115 -15 100 30 130 -10 120 65 185 50 235 15 250 340

3/16/24 winner Lisa

Kyle -30 140 110 125 235 -50 185 105 290 -70 220 -25 195

Lisa 75 55 130 45 175 60 235 150 385 75 460 50 510

3/16/24 winner Kyle

Kyle 80 105 185 90 275 55 330 50 380 65 445 15 460 115 575

Lisa 135 105 240 55 295 -35 260 55 315 50 365 50 415 130 545

3/15/24 winner Kyle

Kyle 75 45 120 140 260 135 395 180 575

Lisa 20 55 75 105 180 130 310 110 420

3/9/24 winner Kyle

Kyle 135 115 250

Lisa 80 80 160

3/9/24 winner Lisa

Kyle -40 170 130 10 140

Lisa 60 165 225 125 350

3/5/24 winner Kyle

Kyle 65 35 100 55 155 240 395

Lisa 30 40 70 60 130 70 200

4/29/23 winner Kyle

Kyle 65 -5 60 65 125 60 185 85 270 115 385 55 440 60 500

Lisa 70 80 150 85 235 70 305 95 400 85 485 -15 470 40 510

Xanna 45 5 50 -70 -20 90 70 70 140 95 235 95 330 100 430

03/31/23 winner Xanna

Kyle 10 50 -55 25 15 15 -60 5 70 10 5 90

Xanna 45 30 5 5 35 55 10 10 -55 25 70 235

Julianne 35 10 35 -50 65 -50 15 45 0 0 55 160

Ash 55 50 -50 5 10 25 55 -15 -55 60 20 160

Lisa 0 35 0 35 55 60 -5 -5 10 -10 10 185

03/31/23 winner Kyle

Kyle 130 55 70 150 405

Lisa 55 120 45 95 315

Xanna 20 65 20 70 175

03/31/23 winner Kyle

Kyle 65 105 80 45 30 65 80 100 570

Lisa -70 115 50 25 85 70 30 70 375

Xanna 100 70 110 105 -20 75 -70 30 400

03/30/23 winner Lisa

Kyle 40 40 100 60 120 360

Lisa 65 110 30 85 90 380

Ash -10 95 70 55 75 285

03/30/23 winner Lisa

Kyle 110 35 80 70 80 0 10 385

Lisa 75 95 25 130 25 70 105 525

Ash 70 25 50 75 45 -55 45 260

03/29/23 winner Kyle

Kyle 95 -40 70 35 30 50 -5 60 80 70 55 500

Ash 115 25 -50 110 35 95 45 -35 15 75 -45 385

Lisa 45 75 -40 -20 60 70 80 -5 70 55 45 445

03/28/23 winner Kyle

Kyle 70 65 25 70 70 70 -35 50 90 75 550

Ash 95 80 5 5 60 55 55 -50 85 90 480

Lisa 35 75 75 -5 40 85 20 10 65 55 455

03/27/23 winner Lisa

Kyle 105 40 75 55 -5 70 30 370

Ash 115 30 30 45 -25 85 75 355

Lisa 65 70 100 60 70 60 90 515

03/27/23 winner Kyle

Kyle 65 40 70 175

Ash 70 10 5 85

Xanna 30 10 40 80

Lisa 25 65 85 175

03/26/23 winner Kyle

Kyle 45 110 75 100 45 55 125 555

Ash 80 100 60 45 90 105 70 550

Lisa 40 45 60 75 90 100 110 520

03/25/23 winner Lisa

Kyle 95 20 40 40 -15 50 45 275

Ash -10 50 105 65 20 50 95 375

Lisa 55 65 85 95 80 115 100 595

03/21/23 winner Kyle

Kyle 70 15 85 105 55 330

Lisa 5 125 -40 120 60 270

Xanna 55 -5 70 85 85 290

03/21/23 winner Lisa

Kyle -10 0 10 105 25 130

Lisa 55 105 75 45 65 345

Xanna -5 45 10 105 65 210

01/27/23 winner Lisa

Kyle 85 60 80 -65 65 165 390

Lisa 90 80 140 80 85 50 525

Xanna 25 -35 105 25 70 60 250

winner Kyle

Gena: 20 25 45 65 110 100 210

Craig: 25 45 70 -50 20 35 55

Kyle: 35 115 150 55 205 45 250

Lisa: 35 20 55 80 135 45 180

winner Kyle

Kyle: 50 40 90 75 165 80 245 80 325 85 410 220 630

Lisa: -15 65 50 70 120 150 270 -10 260 115 375 80 455

winner Lisa

Kyle: 115 140 105 35 395

Lisa: 105 125 175 505

winner Lisa

Kyle: 20 105 65 65 70 150 475

Lisa: 65 75 100 140 95 40 515

winner Lisa

Kyle: 95 90 10 -50 145

Lisa: 210 140 80 80 510

winner Kyle

Kyle: 15 80 35 105 130 140 505

Lisa: 85 65 75 80 45 40 390

Xanna: 30 35 70 70 85 120 410

winner Lisa

Kyle: -10 -10 70 0 70 50

Lisa: 70 45 175 75 85 365

Xanna: 35 75 90 45 35 245

winner Lisa

Kyle: 140 80 -55 55 155 -10 365

Lisa: 30 95 70 105 140 505

winner Lisa

Kyle: 135 85 80 135 70 505

Lisa: 130 115 145 75 245 710

winner Lisa

Kyle: 155 80 -5 105 85 420

Lisa: 110 115 75 115 135 550

winner Lisa

Kyle: 110 65 60 -20 70 65 -25 155 480

Lisa: 30 90 105 85 65 20 75 95 565

Ash: 25 75 15 5 10 35 45 55 265

winner Kyle

Kyle: 105 140 150 65 125 585

Lisa: 30 85 75 115 105 410

winner Lisa

Kyle: 55 75 75 95 70 120 490

Lisa: 130 80 80 95 80 115 570

winner Kyle

Kyle: -15 90 190 150 90 505

Lisa: 80 25 70 90 85 350

winner Lisa

Kyle: 85 100 70 55 -90 75 290

Lisa: 70 145 115 70 70 115 585

winner Lisa

Kyle: 15 -45 55 60 110 30 -65 -45 65 180

Lisa: -15 -45 -25 95 10 65 45 10 110 250

Xanna: 45 30 20 45 65 40 15 35 45 340

Craig: -40 30 20 5 15 35 55 -50 75 145

winner Kyle

Kyle: 60 65 60 40 90 315

Xanna: 35 100 75 15 45 270

Lisa: 25 110 70 75 85 365

winner Kyle

Kyle: 45 40 95 110 60 125 120 595

Lisa: 105 105 85 70 5 60 20 450

winner Kyle

Kyle: 105 85 45 60 80 70 110 555

Lisa: 20 120 90 65 -20 180 90 545

winner Lisa

Kyle: 0 90 80 110 90 70 60 500

Lisa: 55 -10 80 170 70 55 185 605

winner Lisa

Kyle: 65 75 95 40 95 45 415

Lisa: 170 -30 130 100 125 90 585

winner Lisa

Kyle: 15 25 135 -15 95 45 150 450

Lisa: 60 85 95 75 65 100 85 565

winner Kyle

Kyle: 80 135 40 110 65 115 545

Lisa: 110 85 95 85 15 70 460

winner Lisa

Kyle: 75 160 65 135 435

Lisa: 185 70 150 155 560

winner Lisa

Kyle: 95 45 20 35 55 100 360

Lisa: 90 115 65 70 65 100 505

winner Lisa

Kyle: 110 65 155 95 425

Lisa: 145 125 120 165 555

winner Kyle

Kyle: 150 110 100 80 75 515

Lisa: 135 135 50 10 110 440

winner Lisa

Kyle: 100 35 105 75 50 100 465

Lisa: 25 125 40 115 95 120 520

winner Kyle

Kyle: 25 85 135 125 105 70 545

Lisa: 65 40 150 165 -20 0 400

winner Lisa

Kyle: 100 100 50 75 325

Lisa: 160 120 100 125 505

winner Kyle

Kyle: 120 115 100 140 110 585

Lisa: 95 75 50 85 60 365

winner Kyle

Kyle: 105 65 160 175 505

Lisa: 100 70 100 140 410

winner Kyle

Kyle: -100 85 175 80 75 220 635

Lisa: 70 70 95 140 5 35 415

winner Kyle

Kyle: -80 145 150 95 35 80 115 540

Lisa: 50 60 65 45 85 120 35 460

winner Kyle

Kyle: 45 85 105 110 70 -35 35 415

Lisa: 90 15 25 120 70 -105 -15 200

Ash: 15 100 80 85 80 80 60 500

winner Lisa

Kyle: 5 55 80 80 45 -65 70 130 400

Lisa: -35 55 125 60 70 80 125 60 540

Ash: 75 30 80 60 60 0 -5 125 425

winner Xanna

Kyle: 90 70 20 -45 100 85 40 360

Xanna: 80 65 90 115 65 70 15 500

Lisa: 105 35 70 65 30 55 80 440

winner Kyle

Kyle: 70 75 145

Xanna: 60 25 85

Lisa: 60 75 135

winner Kyle

Kyle: 145 90 95 90 140 560

Lisa: 80 120 20 125 60 405

winner Kyle

Kyle: 115 120 125 70 125 555

Lisa: 40 170 85 85 120 500

winner Kyle

Kyle: 95 155 90 40 180 560

Lisa: 125 115 80 90 60 470

winner Kyle

Kyle: 100 30 115 115 105 110 575

Lisa: 115 70 75 85 -15 130 460

winner Kyle

Kyle: 115 70 50 65 30 155 485

Ash: 65 80 95 130 75 85 530

Lisa: 35 95 55 95 50 55 385

winner Lisa

Kyle: 45 35 70 0 -10 30 75 245

Ash: 60 -20 65 -25 -35 80 60 185

Lisa: 105 50 85 70 85 35 100 530

winner Kyle

Kyle: 70 -5 5 100 90 65 95 80 500

Ash: -50 65 50 65 -25 -55 60 65 175

Lisa: -75 -10 70 65 65 -15 80 105 285

winner Ash

Kyle: 40 25 120 30 65 120 -70 330

Ash: 85 70 95 115 75 35 85 560

Lisa: 40 -5 70 50 45 0 80 280

winner Ash

Kyle: 75 -40 30 65

Ash: 55 75 80 220

Lisa: 115 55 25 195

winner Ash

Kyle: 105 -30 -20 55

Ash: 65 70 90 225

Lisa: 20 35 5 60

Rosie: 35 40 55 130

winner Rosie

Kyle: 110 55 100 -5 80 5 30 375

Rosie: 80 75 80 35 65 -15 85 405

Lisa: 90 90 40 100 65 70 85 540

winner Rosie

Kyle: -40 30 15 45 -5 30 25 -30 60 50 35 40 50 305

Ash: 15 20 -5 -10 -20 -40 50 -30 40 -30 0 25 -45 -30

Rosie: 0 35 50 -50 45 -5 -15 15 -30 35 45 75 -40 160

Lisa: 30 -35 -50 -20 -20 10 -5 45 45 65 20 55 -20 120

winner Rosie

Kyle: 50 50 80 100 55 45 35 415

Rosie: 120 105 20 20 110 65 120 560

Lisa: 40 80 30 70 55 45 35 355

winner Lisa

Kyle: -40 60 55 40 70 125 55 95 -20 440

Ash: 45 80 30 65 25 25 75 25 65 430

Lisa: 80 35 75 115 -10 85 50 50 55 535

winner Lisa

Kyle: 15 225 -55 85 90 90 450

Lisa: 80 75 100 140 80 180 655

winner Lisa

Kyle: 150 130 40 105 85 510

Lisa: 90 100 90 150 130 560

winner Lisa

Kyle: 35 150 145 145 70 545

Lisa: 190 80 85 110 100 565

winner Lisa

Kyle: 70 -50 25 125 115 115 400

Lisa: 110 75 95 55 90 100 525

winner Kyle

Kyle: 75 75 120 265 535

Lisa: 20 100 150 60 330

winner Zac

Kyle: 5 5 55 10 -50 75

Lisa: 70 45 75 -40 60 150

Zac: 15 0 65 90 -5 170

Ash: 5 35 55 -45 45 50

Bob: 30 5 60 15 -45 65

Leo: 0 35 35 45 -45 70

winner Leo

Lisa: 55 65 10 25 35 190

Kyle: 35 30 60 -40 0 85

Bob: -40 5 85 145 40 -50 40 30 70 -30 0 40 -50 50 335

Leo: 55 60 5 5 20 55 5 -15 40 0 45 55 -5 20 345

winner Kyle

Lisa: 40 20 5 30 175 10 120 -55 45 55 -5 40 -5 30 505

Kyle: 90 65 0 45 75 10 45 -50 85 -5 -40 70 60 150 600

Leo: -10 40 -45 -15 -5 -20 10 60 30 -40 45 70 10 130

Bob: 60 40 -15 85 -60 -45 30 -35 15 -45 -30 45 0 45

winner Lisa

Lisa: 5 30 60 15 60 75 65 35 30 45 60 -20 60 520

Kyle: -45 90 5 -20 20 -45 25 60 35 -45 20 -40 -10 50

winner Lisa

Kyle: 125 35 75 35 80 65 415

Lisa: 65 75 155 45 110 165 565

winner Kyle

Kyle: -15 70 140 105 75 70 445

Lisa: 45 55 115 80 85 30 410

winner Lisa

Kyle: 55 65 40 175 20 -70 30 345

Lisa: 85 40 100 5 80 170 515

winner Lisa

Kyle: 25 80 155 -45 110 -15 310

Lisa: 75 65 155 50 205 75 490

winner Lisa

Kyle: 55 110 105 25 40 80 415

Lisa: 85 115 135 80 120 120 655

winner Kyle

Kyle: 50 50 115 10 90 80 395

Lisa: 45 90 120 10 65 155 600

winner Lisa

Kyle: -15 65 90 -20 50 120 290

Lisa: 80 70 160 10 155 60 535

winner Lisa

Kyle: 5 25 55 45 125 355

Lisa: 65 30 115 75 115 490

winner Kyle

Kyle: 135 80 -35 35 110 115 440

Lisa: 120 -10 40 60 100 55 365

winner Lisa

Kyle: -30 30 45 100 30 5 70 350

Lisa: 80 -10 55 105 55 90 70 565

winner Kyle

Kyle: 65 70 110 160 115 45 565

Lisa: 20 110 35 125 90 -15 365

winner Lisa

Kyle: 95 115 75 45 80 95 505

Lisa: 85 75 155 75 125 150 665

winner Lisa

Kyle: 45 120 60 175 80 480

Lisa: 25 130 50 175 50 525

winner Kyle

Kyle: 95 80 115 135 85 510

Lisa: 115 20 135 65 100 435

winner Kyle

Kyle: 150 135 40 110 105 540

Lisa: 50 65 75 100 130 420

winner Lisa

Kyle: 105 20 25 105 125 80 460

Lisa: 70 135 30 140 30 70 475

winner Lisa

Kyle: 60 135 65 45 105 70 480

Lisa: 160 135 70 130 60 80 635

winner Lisa

Kyle: 115 55 100 45 75 25 -35 380

Lisa: 10 105 70 115 65 120 35 545

winner Lisa

Kyle: 70 70 165 85 140 530

Lisa: 75 65 5 65 95 180 485

winner Lisa

Kyle: 25 35 30 45 65 125 180 280

Lisa: 30 0 55 50 85 195 250 415

winner Kyle

Kyle: 90 30 60 100 10 145 80 515

Lisa: 95 45 80 150 45 135 70 620

winner Lisa

Kyle: 45 25 60 40 45 70 30 315

Lisa: 80 80 120 140 185 200 225 1025

winner Lisa

Kyle: 50 70 20 85 60 75 360

Lisa: 65 120 80 195 65 65 590

winner Lisa

Kyle: 0 40 80 85 55 70 60 490

Lisa: 5 45 80 35 95 90 65 555

winner Lisa

Kyle: 65 60 110 90 140 65 530

Lisa: 95 65 145 105 125 85 620

winner Lisa

Kyle: 30 80 75 45 120 70 545

Lisa: 90 95 50 145 180 105 665

winner Kyle

Kyle: 60 65 45 95 30 60 355

Lisa: 0 105 45 115 200 150 615

winner Lisa

Kyle: 140 110 35 95 100 40 520

Lisa: 155 45 115 110 70 55 550

winner Kyle

Kyle: 140 35 20 -35 55 85 300

Lisa: -30 100 50 45 80 130 375

winner Lisa

Kyle: 45 35 75 -45 10 75 140 50 320

Lisa: 90 10 100 0 100 80 150 110 640

winner Lisa

Kyle: 120 85 -15 95 60 140 485

Lisa: 140 55 80 120 160 80 635

winner Lisa

Kyle: 75 -15 75 50 55 55 410

Lisa: 70 85 140 110 60 135 600

winner Kyle

Kyle: 135 45 110 95 130 515

Lisa: 60 30 75 95 90 350

winner Kyle

Kyle: 5 85 120 100 110 420

Lisa: 90 65 85 115 35 390

winner Lisa

Kyle: 80 25 90 -30 110 125 400

Lisa: 70 45 95 95 55 75 435

winner Lisa

Kyle: 10 35 55 45 125 355

Lisa: 65 55 115 75 115 490

winner Kyle

Kyle: 25 105 85 120 95 430

Lisa: 75 110 55 90 75 405

winner Kyle

Kyle: 30 -30 40 65 85 30 220

Lisa: 10 35 55 100 110 90 400

